win_score_1st: 17.403151819675426
win_score_top3: 6.445941646960866
grade1_rank1: 34.040394394485475
grade1_rank3: 24.607329309055782
grade1_rank5: 10.99796934349909
grade2_rank1: 26.229077282546207
grade2_rank3: 19.33845773389061
grade2_rank5: 10.624472233091534
grade3_rank1: 22.83931958620442
grade3_rank3: 17.226200912589654
grade3_rank5: 9.982417933843825
difference_multiplier: 1.4128845651232662
distance_base: 1280.0419308760258
penalty_rank6plus: 2.0194320805429986
penalty_rank4_5: 1.719406111269769
penalty_rank2_3: 1.1049278127979025
run_type_nige_threshold: 0.2
run_type_senkou_threshold: 0.4
run_type_sashi_threshold: 0.7
enable_field_size_correction: true
field_size_base: 15
course_type_mismatch_penalty: 0.40917165570648567
course_condition_match_bonus: 1.0
