win_score_1st: 4.486539094723138
win_score_top3: 1.835011393024838
grade1_rank1: 35.839327967502456
grade1_rank3: 24.92985538857006
grade1_rank5: 19.000755760436483
grade2_rank1: 19.910121296132097
grade2_rank3: 12.043857934200908
grade2_rank5: 10.678898355297477
grade3_rank1: 7.1849808305207095
grade3_rank3: 2.5155725936280087
grade3_rank5: 1.2496873766740624
difference_multiplier: 1.633431194168282
distance_base: 1351.1290254540188
penalty_rank6plus: 2.882068755664295
penalty_rank4_5: 2.547488030021128
penalty_rank2_3: 1.081857431841878
run_type_nige_threshold: 0.2
run_type_senkou_threshold: 0.4
run_type_sashi_threshold: 0.7
enable_field_size_correction: true
field_size_base: 18
course_type_mismatch_penalty: 0.4353752192574557
course_condition_match_bonus: 1.0
