# === 最適化時の評価指標 ===
# composite: 0.725806
# average_top3_hit_count: 1.205882
# average_spearman: 0.315965
# average_tansho_hit: 0.323529
win_score_1st: 9.868392524401905
win_score_top3: 5.687725731668148
grade1_rank1: 36.491186038237146
grade1_rank3: 23.727540789034883
grade1_rank5: 11.670736946925405
grade2_rank1: 22.18862986653111
grade2_rank3: 13.935090353551967
grade2_rank5: 6.672757712358198
grade3_rank1: 11.565218588121013
grade3_rank3: 6.951304767302668
grade3_rank5: 2.095600835223837
difference_multiplier: 0.8989497866592882
distance_base: 473.6283475967893
penalty_rank6plus: 2.536412901856019
penalty_rank4_5: 1.35194488020321
penalty_rank2_3: 1.2044735306432985
run_type_nige_threshold: 0.2
run_type_senkou_threshold: 0.4
run_type_sashi_threshold: 0.7
enable_field_size_correction: true
field_size_base: 16
course_type_mismatch_penalty: 0.3545649510428465
course_condition_match_bonus: 1.0
recency_decay: 0.9215503084814064
