win_score_1st: 12.467259775918112
win_score_top3: 1.831871695077278
grade1_rank1: 34.02837427017273
grade1_rank3: 20.262918926349183
grade1_rank5: 8.185245321955756
grade2_rank1: 22.676061095060316
grade2_rank3: 9.294351454613404
grade2_rank5: 1.9273518718776692
grade3_rank1: 17.322406405025248
grade3_rank3: 8.389338817360787
grade3_rank5: 1.0944866709272276
difference_multiplier: 0.1791302313232609
distance_base: 2076.434471586505
penalty_rank6plus: 3.4864453728295643
penalty_rank4_5: 4.588737328244231
penalty_rank2_3: 1.969697479433209
run_type_nige_threshold: 0.2
run_type_senkou_threshold: 0.4
run_type_sashi_threshold: 0.7
enable_field_size_correction: false
field_size_base: 12
course_type_mismatch_penalty: 0.5983997039488671
course_condition_match_bonus: 1.0
