# === 最適化時の評価指標 ===
# composite: 0.657205
# average_top3_hit_count: 1.196078
# average_spearman: 0.341934
# average_tansho_hit: 0.258170
win_score_1st: 13.827134489361255
win_score_top3: 4.466340342617698
grade1_rank1: 35.115316602861554
grade1_rank3: 31.09901902463919
grade1_rank5: 23.996744110031784
grade2_rank1: 21.550654305854454
grade2_rank3: 20.538121024411474
grade2_rank5: 17.349469526380652
grade3_rank1: 9.82383160496462
grade3_rank3: 9.81155744491553
grade3_rank5: 9.807709964992048
difference_multiplier: 0.8685071193497652
distance_base: 2538.227431291503
penalty_rank6plus: 1.6865447917631973
penalty_rank4_5: 1.2845868332966486
penalty_rank2_3: 1.0724036547496938
run_type_nige_threshold: 0.2
run_type_senkou_threshold: 0.4
run_type_sashi_threshold: 0.7
enable_field_size_correction: false
field_size_base: 18
course_type_mismatch_penalty: 0.31286614991046313
course_condition_match_bonus: 1.0
recency_decay: 0.9494574037600364
